000001
000002
000003
000004
000005
000006
000008
000009
000011
000012
000013
000014
000015
000016
000017
000018
000019
000020
000021
000022
000023
000024
000025
000026
000027
000028
000029
000030
000031
000032
000033
000034
000035
000037
000038
000040
000041
000042
000043
000044
000045
000046
000048
000049
000050
000051
000052
000053
000056
000057
000059
000060
000061
000062
000063
000064
000065
000066
000067
000068
000069
000070
000071
000072
000073
000074
000075
000076
000077
000078
000079
000080
