VOC2007/JPEGImages/000001.png 581,476,673,565,0
VOC2007/JPEGImages/000002.png 761,551,847,637,0
VOC2007/JPEGImages/000003.png 333,247,408,329,0
VOC2007/JPEGImages/000004.png 654,451,731,538,0
VOC2007/JPEGImages/000005.png 502,215,556,276,0
VOC2007/JPEGImages/000006.png 804,514,864,574,0
VOC2007/JPEGImages/000008.png 411,539,551,685,0 1085,231,1138,280,0
VOC2007/JPEGImages/000009.png 523,529,660,683,0 1084,232,1138,279,0
VOC2007/JPEGImages/000011.png 841,292,1039,503,0
VOC2007/JPEGImages/000012.png 1042,482,1223,695,0
VOC2007/JPEGImages/000013.png 415,241,624,462,0
VOC2007/JPEGImages/000014.png 80,187,169,285,0 306,228,397,323,0 436,215,545,337,0 85,392,180,494,0 292,481,394,589,0 439,504,550,622,0 120,538,202,632,0 132,768,236,884,0 311,821,411,925,0 492,837,590,942,0
VOC2007/JPEGImages/000015.png 192,205,267,286,0 542,166,609,237,0 135,359,225,453,0 637,328,714,406,0 655,435,721,508,0 170,503,255,603,0 197,621,303,737,0 381,658,477,758,0 563,598,652,685,0 378,42,473,148,0 242,37,327,126,0
VOC2007/JPEGImages/000016.png 576,670,664,764,0 754,532,896,679,0 1084,133,1173,212,0
VOC2007/JPEGImages/000017.png 160,170,248,274,0 301,152,385,251,0 426,184,541,306,0 137,376,234,477,0 155,522,247,622,0 321,475,421,584,0 467,480,578,601,0 137,765,241,880,0 391,784,492,889,0 522,842,621,943,0
VOC2007/JPEGImages/000018.png 405,259,475,337,0 393,417,484,514,0 468,130,557,223,0 592,125,688,224,0 684,212,769,302,0 775,275,873,379,0 777,432,886,549,0 430,560,523,658,0 621,671,690,747,0 692,645,785,745,0
VOC2007/JPEGImages/000019.png 245,573,320,658,0 420,697,506,794,0 708,652,802,749,0 778,288,869,380,0
VOC2007/JPEGImages/000020.png 28,164,118,265,0 110,686,175,755,0 532,429,669,582,0 1128,236,1243,356,0
VOC2007/JPEGImages/000021.png 323,271,453,417,0
VOC2007/JPEGImages/000022.png 548,719,685,876,0
VOC2007/JPEGImages/000023.png 621,738,757,888,0 919,626,1020,730,0
VOC2007/JPEGImages/000024.png 773,341,916,495,0 918,624,1015,731,0
VOC2007/JPEGImages/000025.png 113,544,193,639,0 1013,765,1158,917,0
VOC2007/JPEGImages/000026.png 245,401,313,486,0 313,551,468,725,0 508,579,619,703,0 559,366,683,493,0 759,264,846,352,0
VOC2007/JPEGImages/000027.png 819,434,940,568,0 992,383,1100,513,0 1160,467,1272,592,0 879,733,986,849,0
VOC2007/JPEGImages/000028.png 878,473,1004,608,0 1041,286,1156,416,0 1188,451,1313,586,0 893,732,1004,849,0
VOC2007/JPEGImages/000029.png 603,734,712,848,0 842,487,963,617,0 1044,283,1167,417,0 1110,631,1227,768,0
VOC2007/JPEGImages/000030.png 311,317,463,484,0 709,479,792,565,0 932,204,1055,331,0 327,724,442,849,0 958,657,1085,788,0
VOC2007/JPEGImages/000031.png 243,394,326,484,0 501,446,582,532,0 665,483,750,571,0 839,159,926,250,0
VOC2007/JPEGImages/000032.png 83,449,152,530,0 574,299,693,429,0 833,157,926,257,0 361,537,524,713,0 659,688,783,813,0
VOC2007/JPEGImages/000033.png 125,459,211,558,0 741,358,879,506,0
VOC2007/JPEGImages/000034.png 223,294,409,484,0 806,291,924,415,0 381,726,492,842,0
VOC2007/JPEGImages/000035.png 408,726,527,844,0 682,419,844,598,0 954,392,1067,521,0
VOC2007/JPEGImages/000037.png 255,183,378,317,0 972,399,1077,506,0
VOC2007/JPEGImages/000038.png 513,189,619,299,0 303,726,419,849,0 796,474,956,641,0 1118,286,1203,369,0 1168,799,1302,935,0
VOC2007/JPEGImages/000040.png 63,208,139,292,0 520,444,600,530,0 986,276,1077,374,0 1214,873,1324,984,0
VOC2007/JPEGImages/000041.png 306,375,396,474,0 594,477,713,601,0 338,597,432,700,0 1170,646,1279,753,0
VOC2007/JPEGImages/000042.png 283,464,384,571,0 652,428,723,506,0 703,323,848,476,0 584,677,702,801,0 863,219,982,339,0
VOC2007/JPEGImages/000043.png 381,117,471,215,0 411,545,543,686,0 886,741,960,824,0
VOC2007/JPEGImages/000044.png 565,347,658,442,0 497,461,582,560,0 672,428,755,519,0 696,534,790,634,0
VOC2007/JPEGImages/000045.png 365,122,450,214,0 1090,130,1175,214,0 812,514,957,669,0
VOC2007/JPEGImages/000046.png 31,138,106,225,0 86,558,164,649,0 973,178,1065,274,0 1123,753,1214,850,0
VOC2007/JPEGImages/000048.png 351,599,441,693,0 528,462,623,565,0 747,399,874,526,0 664,805,758,907,0
VOC2007/JPEGImages/000049.png 395,286,551,460,0 812,330,933,450,0 999,473,1088,565,0 682,578,806,713,0 969,660,1097,791,0
VOC2007/JPEGImages/000050.png 286,240,372,332,0 383,551,468,646,0 962,180,1059,277,0 1105,750,1204,851,0
VOC2007/JPEGImages/000051.png 296,387,383,488,0 704,194,824,320,0 337,602,427,698,0 1173,641,1279,750,0
VOC2007/JPEGImages/000052.png 239,135,347,253,0 135,470,206,556,0 813,175,938,302,0 1106,416,1255,566,0 439,683,533,777,0 813,766,903,855,0
VOC2007/JPEGImages/000053.png 282,392,372,491,0 687,196,814,328,0 578,659,667,758,0 1172,643,1281,753,0
VOC2007/JPEGImages/000056.png 254,229,340,324,0 504,417,601,514,0 636,212,760,346,0 946,613,1053,725,0
VOC2007/JPEGImages/000057.png 234,224,316,321,0 481,420,574,522,0 927,405,1058,541,0 946,615,1051,722,0
VOC2007/JPEGImages/000059.png 213,225,294,317,0 292,578,384,676,0 601,447,690,535,0 729,652,824,752,0 612,692,658,734,0
VOC2007/JPEGImages/000060.png 464,330,549,424,0 778,287,866,379,0 417,697,504,794,0 700,651,793,752,0
VOC2007/JPEGImages/000061.png 178,166,269,267,0 306,147,397,244,0 460,165,575,288,0 218,324,317,432,0 197,503,285,602,0 367,463,468,574,0 595,447,714,568,0 241,739,351,857,0 390,783,494,891,0 523,840,619,942,0
VOC2007/JPEGImages/000062.png 525,185,634,300,0 701,483,785,570,0 312,724,426,848,0 627,656,775,823,0 1184,798,1318,935,0
VOC2007/JPEGImages/000063.png 262,392,335,473,0 573,361,690,488,0 835,156,927,255,0 338,543,496,716,0 647,697,768,825,0
VOC2007/JPEGImages/000064.png 286,525,423,680,0 299,726,411,851,0 1119,285,1202,369,0 1154,802,1283,939,0 478,192,590,312,0
VOC2007/JPEGImages/000065.png 439,197,549,313,0 270,535,405,687,0 711,555,786,633,0 293,730,403,852,0 1126,810,1256,942,0
VOC2007/JPEGImages/000066.png 146,338,297,514,0 555,370,676,498,0 750,262,838,357,0 413,483,472,542,0 464,576,581,702,0
VOC2007/JPEGImages/000067.png 200,183,269,261,0 251,354,349,465,0 280,477,382,580,0 606,412,697,505,0 763,361,836,434,0 438,608,543,709,0 405,689,520,807,0 845,548,947,651,0 887,696,1012,828,0 1051,751,1165,870,0 1194,549,1313,670,0 1274,402,1368,495,0
VOC2007/JPEGImages/000068.png 508,37,603,142,0 328,131,426,237,0 347,274,419,352,0 300,471,395,571,0 658,104,757,205,0 826,132,919,229,0 922,250,1024,357,0 402,599,496,698,0 906,487,1026,608,0 760,656,851,752,0 519,743,605,837,0 618,733,713,838,0
VOC2007/JPEGImages/000069.png 263,139,377,267,0 313,282,405,376,0 454,204,542,294,0 620,242,729,358,0 783,391,890,501,0 813,578,903,674,0 293,470,392,573,0 275,651,354,739,0 301,799,374,874,0 411,868,461,922,0 480,842,580,943,0 639,822,752,931,0 759,711,861,820,0
VOC2007/JPEGImages/000070.png 410,164,481,235,0 569,174,659,266,0 686,185,791,297,0 409,346,494,433,0 572,346,675,453,0 824,322,899,404,0 582,534,683,642,0 809,505,892,587,0 449,661,548,762,0 635,711,748,821,0 868,777,965,879,0 906,606,981,680,0
VOC2007/JPEGImages/000071.png 104,226,238,370,0
VOC2007/JPEGImages/000072.png 428,119,517,215,0 289,479,377,575,0 499,457,624,595,0
VOC2007/JPEGImages/000073.png 466,315,602,466,0 432,697,521,795,0
VOC2007/JPEGImages/000074.png 620,758,751,895,0 961,411,1060,513,0
VOC2007/JPEGImages/000075.png 349,595,436,697,0 511,473,605,571,0 749,397,873,524,0 1177,647,1282,755,0
VOC2007/JPEGImages/000076.png 209,224,292,320,0 594,446,681,534,0 424,694,514,791,0 719,652,814,752,0
VOC2007/JPEGImages/000077.png 287,460,388,569,0 718,321,860,473,0 875,215,991,334,0 761,665,887,796,0 656,430,720,501,0
VOC2007/JPEGImages/000078.png 226,226,309,317,0 917,411,1050,546,0 347,570,438,666,0 947,613,1052,723,0
VOC2007/JPEGImages/000079.png 317,452,420,560,0 476,441,619,599,0 918,208,1032,329,0 305,612,381,683,0 790,656,917,788,0
VOC2007/JPEGImages/000080.png 195,182,272,262,0 240,356,342,465,0 279,478,375,580,0 596,413,685,508,0 764,364,836,433,0 1275,403,1370,495,0 530,573,621,670,0 405,719,485,802,0 846,549,946,651,0 886,697,1014,829,0 1050,750,1166,869,0 1194,548,1312,670,0
